Offset  
+0 +1 +2 +3 +4 +5 +6 +7 +8 +9 +a +b +c +d +e +f
Equivalent ASCII characters    
        
                                               
                               
00002070
00 0e 00 00 00 00 00 00 08 00 00 00 00 00 00 00
                               
00002080
00 00 00 00 00 00 00 00 08 00 00 00 00 00 00 00
                               
00002090
00 00 00 00 00 00 00 00 d5 00 00 00 0f 00 00 00
                               
000020a0
03 00 00 00 00 00 00 00 08 0e 60 00 00 00 00 00
                    `          
000020b0
08 0e 00 00 00 00 00 00 08 00 00 00 00 00 00 00
                               
000020c0
00 00 00 00 00 00 00 00 08 00 00 00 00 00 00 00
                               
000020d0
00 00 00 00 00 00 00 00 e1 00 00 00 01 00 00 00
                               
000020e0
03 00 00 00 00 00 00 00 10 0e 60 00 00 00 00 00
                    `          
000020f0
10 0e 00 00 00 00 00 00 08 00 00 00 00 00 00 00
                               
00002100
00 00 00 00 00 00 00 00 08 00 00 00 00 00 00 00
                               
00002110
00 00 00 00 00 00 00 00 e6 00 00 00 06 00 00 00
                               
00002120
03 00 00 00 00 00 00 00 18 0e 60 00 00 00 00 00
                    `          
00002130
18 0e 00 00 00 00 00 00 e0 01 00 00 00 00 00 00
                               
00002140
06 00 00 00 00 00 00 00 08 00 00 00 00 00 00 00
                               
00002150
10 00 00 00 00 00 00 00 98 00 00 00 01 00 00 00
                               
00002160
03 00 00 00 00 00 00 00 f8 0f 60 00 00 00 00 00
                    `          
00002170
f8 0f 00 00 00 00 00 00 08 00 00 00 00 00 00 00
                               
00002180
00 00 00 00 00 00 00 00 08 00 00 00 00 00 00 00
                               
00002190
08 00 00 00 00 00 00 00 ef 00 00 00 01 00 00 00
                               
000021a0
03 00 00 00 00 00 00 00 00 10 60 00 00 00 00 00
                    `          
000021b0
00 10 00 00 00 00 00 00 68 00 00 00 00 00 00 00
                h              
000021c0
00 00 00 00 00 00 00 00 08 00 00 00 00 00 00 00
                               
000021d0
08 00 00 00 00 00 00 00 f8 00 00 00 01 00 00 00
                               
000021e0
03 00 00 00 00 00 00 00 68 10 60 00 00 00 00 00
                h   `          
000021f0
68 10 00 00 00 00 00 00 10 00 00 00 00 00 00 00
h                              
00002200
00 00 00 00 00 00 00 00 08 00 00 00 00 00 00 00
                               
00002210
00 00 00 00 00 00 00 00 fe 00 00 00 08 00 00 00
                               
00002220
03 00 00 00 00 00 00 00 78 10 60 00 00 00 00 00
                x   `          
00002230
78 10 00 00 00 00 00 00 08 00 00 00 00 00 00 00
x                              
00002240
00 00 00 00 00 00 00 00 01 00 00 00 00 00 00 00
                               
00002250
00 00 00 00 00 00 00 00 03 01 00 00 01 00 00 00
                               
00002260
30 00 00 00 00 00 00 00 00 00 00 00 00 00 00 00
0                              
00002270
78 10 00 00 00 00 00 00 34 00 00 00 00 00 00 00
x               4              
00002280
00 00 00 00 00 00 00 00 01 00 00 00 00 00 00 00
                               
00002290
01 00 00 00 00 00 00 00 11 00 00 00 03 00 00 00
                               
000022a0
00 00 00 00 00 00 00 00 00 00 00 00 00 00 00 00
                               
000022b0
88 1a 00 00 00 00 00 00 0c 01 00 00 00 00 00 00
                               
000022c0
00 00 00 00 00 00 00 00 01 00 00 00 00 00 00 00
                               
000022d0
00 00 00 00 00 00 00 00 01 00 00 00 02 00 00 00
                               
000022e0
00 00 00 00 00 00 00 00 00 00 00 00 00 00 00 00
                               
000022f0
b0 10 00 00 00 00 00 00 08 07 00 00 00 00 00 00
                               
00002300
1e 00 00 00 2f 00 00 00 08 00 00 00 00 00 00 00
        /                      
00002310
18 00 00 00 00 00 00 00 09 00 00 00 03 00 00 00
                               
00002320
00 00 00 00 00 00 00 00 00 00 00 00 00 00 00 00
                               
00002330
b8 17 00 00 00 00 00 00 d0 02 00 00 00 00 00 00
                               
00002340
00 00 00 00 00 00 00 00 01 00 00 00 00 00 00 00
                               
00002350
00 00 00 00 00 00 00 00                        
                               

