ffset  
+0 +1 +2 +3 +4 +5 +6 +7 +8 +9 +a +b +c +d +e +f
Equivalent ASCII characters    
        
                                               
                               
00001f00
10 0e 60 00 00 00 00 00 10 0e 00 00 00 00 00 00
    `                          
00001f10
08 00 00 00 00 00 00 00 00 00 00 00 00 00 00 00
                               
00001f20
08 00 00 00 00 00 00 00 00 00 00 00 00 00 00 00
                               
00001f30
d5 00 00 00 0f 00 00 00 03 00 00 00 00 00 00 00
                               
00001f40
18 0e 60 00 00 00 00 00 18 0e 00 00 00 00 00 00
    `                          
00001f50
08 00 00 00 00 00 00 00 00 00 00 00 00 00 00 00
                               
00001f60
08 00 00 00 00 00 00 00 00 00 00 00 00 00 00 00
                               
00001f70
e1 00 00 00 01 00 00 00 03 00 00 00 00 00 00 00
                               
00001f80
20 0e 60 00 00 00 00 00 20 0e 00 00 00 00 00 00
    `                          
00001f90
08 00 00 00 00 00 00 00 00 00 00 00 00 00 00 00
                               
00001fa0
08 00 00 00 00 00 00 00 00 00 00 00 00 00 00 00
                               
00001fb0
e6 00 00 00 06 00 00 00 03 00 00 00 00 00 00 00
                               
00001fc0
28 0e 60 00 00 00 00 00 28 0e 00 00 00 00 00 00
(   `           (              
00001fd0
d0 01 00 00 00 00 00 00 06 00 00 00 00 00 00 00
                               
00001fe0
08 00 00 00 00 00 00 00 10 00 00 00 00 00 00 00
                               
00001ff0
98 00 00 00 01 00 00 00 03 00 00 00 00 00 00 00
                               
00002000
f8 0f 60 00 00 00 00 00 f8 0f 00 00 00 00 00 00
    `                          
00002010
08 00 00 00 00 00 00 00 00 00 00 00 00 00 00 00
                               
00002020
08 00 00 00 00 00 00 00 08 00 00 00 00 00 00 00
                               
00002030
ef 00 00 00 01 00 00 00 03 00 00 00 00 00 00 00
                               
00002040
00 10 60 00 00 00 00 00 00 10 00 00 00 00 00 00
    `                          
00002050
30 00 00 00 00 00 00 00 00 00 00 00 00 00 00 00
0                              
00002060
08 00 00 00 00 00 00 00 08 00 00 00 00 00 00 00
                               
00002070
f8 00 00 00 01 00 00 00 03 00 00 00 00 00 00 00
                               
00002080
30 10 60 00 00 00 00 00 30 10 00 00 00 00 00 00
0   `           0              
00002090
10 00 00 00 00 00 00 00 00 00 00 00 00 00 00 00
                               
000020a0
08 00 00 00 00 00 00 00 00 00 00 00 00 00 00 00
                               
000020b0
fe 00 00 00 08 00 00 00 03 00 00 00 00 00 00 00
                               
000020c0
40 10 60 00 00 00 00 00 40 10 00 00 00 00 00 00
@   `           @              
000020d0
08 00 00 00 00 00 00 00 00 00 00 00 00 00 00 00
                               
000020e0
01 00 00 00 00 00 00 00 00 00 00 00 00 00 00 00
                               
000020f0
03 01 00 00 01 00 00 00 30 00 00 00 00 00 00 00
                0              
00002100
00 00 00 00 00 00 00 00 40 10 00 00 00 00 00 00
                @              
00002110
34 00 00 00 00 00 00 00 00 00 00 00 00 00 00 00
4                              
00002120
01 00 00 00 00 00 00 00 01 00 00 00 00 00 00 00
                               
00002130
11 00 00 00 03 00 00 00 00 00 00 00 00 00 00 00
                               
00002140
00 00 00 00 00 00 00 00 24 19 00 00 00 00 00 00
                $              
00002150
0c 01 00 00 00 00 00 00 00 00 00 00 00 00 00 00
                               
00002160
01 00 00 00 00 00 00 00 00 00 00 00 00 00 00 00
                               
00002170
01 00 00 00 02 00 00 00 00 00 00 00 00 00 00 00
                               
00002180
00 00 00 00 00 00 00 00 78 10 00 00 00 00 00 00
                x              
00002190
78 06 00 00 00 00 00 00 1e 00 00 00 2f 00 00 00
x                       /      
000021a0
08 00 00 00 00 00 00 00 18 00 00 00 00 00 00 00
                               
000021b0
09 00 00 00 03 00 00 00 00 00 00 00 00 00 00 00
                               
000021c0
00 00 00 00 00 00 00 00 f0 16 00 00 00 00 00 00
                               
000021d0
34 02 00 00 00 00 00 00 00 00 00 00 00 00 00 00
4                              
000021e0
01 00 00 00 00 00 00 00 00 00 00 00 00 00 00 00
                               

